343.5371   352.0383   13.112878
343.5372   352.03833   13.112882
343.53748   352.03824   13.112916
343.52194   352.06686   13.114115
343.52182   352.0671   13.114125
343.48816   352.12897   13.116656
343.488   352.12927   13.116669
343.46838   352.16544   13.11816
343.4679   352.16632   13.118196
343.4486   352.2017   13.11964
343.38168   352.32538   13.124925
343.31012   352.45654   13.130176
343.1644   352.72394   13.141019
343.11343   352.81735   13.14479
343.05313   352.93448   13.148143
343.056   352.9387   13.148427
343.06046   352.94547   13.148895
343.0616   352.9472   13.149114
343.06204   352.94785   13.149274
343.0621   352.9479   13.149299
343.06232   352.94797   13.149442
343.05927   352.95688   13.150257
342.11502   355.22006   13.276483
341.8963   355.7488   13.306714
341.89676   355.74924   13.306567
341.89758   355.75   13.306368
341.9047   355.75674   13.305301
340.73053   359.21085   13.5957155
340.7228   359.23352   13.597631
340.48895   359.91934   13.655579
340.44632   360.04428   13.666145
340.40778   360.1575   13.675686
340.40753   360.15823   13.675749
340.39188   360.20413   13.679627
340.2539   360.6091   13.713771
340.254   360.60913   13.713804
340.2545   360.60934   13.713945
340.25482   360.6095   13.714053
340.27032   360.6179   13.720331
340.2704   360.61792   13.720351
340.27423   360.62   13.72197
340.2757   360.62076   13.722588
340.2757   360.62076   13.7225895
340.27673   360.62128   13.723015
340.27658   360.62115   13.72333
340.1018   361.22943   13.813223
337.93124   368.77805   14.931703
337.93158   368.7781   14.932585
337.9435   368.7802   14.98534
337.94672   368.78064   15.003009
337.95007   368.78107   15.021044
337.9549   368.78232   15.029685
336.19223   375.42752   16.230844
336.1938   375.42694   16.231909
336.1938   375.4271   16.23197
336.12003   375.7047   16.282057
335.5764   377.7509   16.651068
335.41238   378.36804   16.762531
335.41245   378.368   16.762918
335.41266   378.36804   16.763954
335.41284   378.36807   16.765123
335.42236   378.37137   16.83562
335.42313   378.3716   16.840042
335.4231   378.3716   16.84047
335.4226   378.3714   16.840866
333.85873   384.19086   17.460648
333.85672   384.1984   17.461449
333.8081   384.3792   17.480696
333.27896   386.34494   17.690424
333.2791   386.34515   17.691847
333.27914   386.34515   17.691965
333.27933   386.34564   17.694838
333.27942   386.34604   17.69703
333.27936   386.34662   17.70086
333.2782   386.348   17.711184
333.28073   386.35025   17.720093
332.0055   390.94046   17.672518
332.005   390.9422   17.672499
331.98135   391.02728   17.67157
331.9805   391.0303   17.671535
331.9114   391.27863   17.668758
331.91153   391.27866   17.668907
331.91153   391.27866   17.66896
331.91156   391.2787   17.669046
331.9116   391.27875   17.669275
331.9116   391.27878   17.669409
331.9116   391.27887   17.669548
331.9116   391.2789   17.669582
331.91165   391.27945   17.670649
331.46164   392.86252   17.55287
331.4616   392.86267   17.552858
331.459   392.87173   17.552183
331.01712   394.42447   17.434145
331.0174   394.42465   17.434
331.0175   394.42468   17.433939
331.0175   394.42468   17.433937
331.01785   394.4247   17.43359
331.01794   394.42474   17.433525
330.4096   396.50735   17.161304
330.40106   396.5357   17.157745
330.40103   396.5358   17.157734
330.4009   396.5362   17.157707
330.4009   396.5362   17.157705
330.3667   396.65332   17.142382
330.36612   396.65533   17.14212
330.31796   396.82028   17.120556
330.28342   396.9386   17.10504
330.1909   397.25555   17.063541
330.1902   397.2579   17.063234
330.10504   397.54956   17.025072
329.9605   398.04465   16.9603
329.9016   398.24646   16.933874
329.65323   399.09717   16.822546
329.5412   399.4809   16.772324
329.5412   399.4809   16.772272
329.54105   399.48087   16.771461
329.54013   399.48074   16.76548
329.53915   399.48065   16.758703
329.5385   399.48047   16.753721
329.5384   399.48044   16.75283
329.53824   399.4804   16.751724
329.53796   399.4803   16.749418
329.5379   399.48022   16.748844
329.53784   399.4802   16.748404
329.51694   399.5544   16.731173
329.50687   399.58926   16.723083
329.20377   400.56152   16.503004
327.54398   405.87537   15.302016
327.5431   405.8782   15.301373
327.3207   406.5884   15.141147
327.31436   406.60867   15.136571
327.0564   407.43295   14.950479
327.03735   407.49908   14.934086
327.03763   407.49905   14.933639
327.03766   407.49905   14.933606
327.03775   407.49905   14.933272
327.03912   407.4991   14.929227
327.03918   407.4991   14.9290905
327.04315   407.49942   14.917871
327.04315   407.49942   14.917832
327.0467   407.49966   14.90801
327.04672   407.49966   14.907942
327.04974   407.49982   14.899494
327.0498   407.49982   14.899356
327.0513   407.49988   14.895178
327.05026   407.49857   14.885889
325.243   412.64822   13.391187
325.15543   412.89755   13.318758
324.73367   414.1025   12.971208
324.73206   414.10712   12.969878
324.33014   415.2554   12.638791
324.12833   415.83206   12.472551
323.59412   417.3582   12.032387
323.59424   417.35815   12.0321245
323.59415   417.35797   12.031583
323.59424   417.35794   12.031362
323.59436   417.35797   12.030966
323.60583   417.35812   12.000542
323.60587   417.35812   12.000421
323.61673   417.358   11.970333
323.62183   417.3575   11.9535055
323.62357   417.3573   11.947605
323.6237   417.3573   11.94718
323.62387   417.35727   11.9467
323.6245   417.357   11.943669
323.62454   417.35684   11.942657
323.62378   417.35645   11.941924
320.62222   424.57343   10.005961
320.6218   424.57315   10.005637
320.6218   424.57315   10.005637
320.6218   424.57315   10.005632
320.6219   424.57315   10.005401
320.622   424.57315   10.005069
320.62228   424.5732   10.003807
320.62228   424.5732   10.003796
320.6228   424.5733   10.000994
320.6228   424.5733   10.000992
320.62286   424.5733   10.000748
320.62305   424.5733   10.000263
319.01968   428.1562   9.160569
318.91183   428.39877   9.10313
318.9113   428.3986   9.102261
318.9104   428.39844   9.100756
318.9103   428.3984   9.1005535
318.91034   428.3984   9.100061
318.9103   428.3984   9.099935
317.21832   431.87802   8.451091
317.21826   431.87802   8.451047
317.21823   431.878   8.4510355
317.2182   431.878   8.450991
317.2182   431.87802   8.450828
317.21823   431.87814   8.450436
315.5753   435.00955   8.025351
315.57532   435.00955   8.025276
315.5754   435.0096   8.025134
315.57544   435.00964   8.025055
315.57547   435.00964   8.025044
315.5758   435.01022   8.024151
315.57642   435.01126   8.022659
315.57648   435.0113   8.022589
315.57648   435.0113   8.022583
315.57648   435.0113   8.022535
313.39706   438.8277   7.735481
313.3979   438.8287   7.7344832
313.39825   438.82913   7.7340384
313.39877   438.8297   7.7333245
313.39877   438.8297   7.7333193
313.39902   438.83   7.7329874
313.39902   438.83   7.7329855
313.39935   438.83035   7.73253
313.39963   438.8306   7.7323313
311.61703   441.53522   7.8200803
311.60352   441.55637   7.821189
311.31503   441.994   7.835281
311.2773   442.05127   7.837108
311.27737   442.05142   7.837011
311.27737   442.05142   7.837002
311.27747   442.05206   7.8364573
311.27338   442.05783   7.836969
310.25372   443.49026   7.9643097
309.84897   444.05872   8.014769
309.84897   444.05872   8.014767
309.84906   444.05948   8.014187
309.84906   444.05948   8.014186
309.84906   444.05963   8.014047
309.84912   444.05988   8.01385
309.84915   444.05997   8.013768
309.8491   444.06   8.013642
308.37695   445.96387   8.296755
308.37677   445.9638   8.296974
308.37674   445.96378   8.297032
308.37665   445.96375   8.29715
306.862   447.7545   8.669468
306.862   447.75452   8.669525
306.86215   447.75543   8.671438
306.86215   447.75552   8.671691
305.21463   449.52255   9.147414
305.21353   449.52374   9.147734
304.938   449.819   9.227221
304.9349   449.82288   9.2282915
304.60663   450.1759   9.323486
304.60672   450.17596   9.323602
304.60675   450.176   9.32365
304.60696   450.17627   9.323997
304.60867   450.1793   9.327785
302.52695   451.99432   10.025523
302.4637   452.0499   10.047074
302.20776   452.27298   10.132715
302.12314   452.34634   10.160742
301.87686   452.56012   10.242323
301.62454   452.78033   10.327087
301.62457   452.78036   10.327168
301.62476   452.78052   10.327342
301.62476   452.78052   10.327354
301.62482   452.7806   10.327531
301.62488   452.78082   10.328021
301.62555   452.78284   10.332859
301.62555   452.78284   10.332881
301.626   452.7841   10.335639
301.626   452.7841   10.335643
301.62616   452.78445   10.336476
301.62616   452.78445   10.336487
301.6263   452.78485   10.337348
301.6264   452.785   10.337758
301.6264   452.78503   10.337796
298.8458   454.71634   11.261421
298.84592   454.71652   11.261764
298.84592   454.71664   11.2620945
298.84592   454.71664   11.2621155
298.84598   454.7168   11.262316
298.84616   454.7176   11.263585
298.8463   454.71857   11.265065
298.8464   454.71912   11.265813
296.81012   455.82785   11.879247
296.8104   455.828   11.879758
296.81042   455.8281   11.879849
296.81042   455.82812   11.879882
296.81046   455.8282   11.879924
296.81046   455.8282   11.879924
296.81046   455.82822   11.87996
296.81046   455.82825   11.879991
296.81046   455.82825   11.879995
296.81046   455.82825   11.880018
296.81042   455.82837   11.880146
296.8104   455.82843   11.88022
296.8104   455.8285   11.880276
295.4311   456.4777   12.260292
295.431   456.4779   12.260439
295.43082   456.4783   12.260937
295.43082   456.4783   12.260942
295.43082   456.4785   12.261051
294.01566   457.04105   12.60676
293.9944   457.0495   12.611953
293.89584   457.08862   12.636018
293.895   457.08896   12.636227
293.78918   457.13104   12.662086
293.7881   457.13147   12.662356
293.74292   457.14944   12.673388
293.63327   457.19293   12.700247
293.5817   457.21323   12.713109
293.58148   457.21338   12.713947
293.58148   457.21338   12.713987
293.5814   457.21344   12.714427
293.58112   457.21362   12.715719
291.86884   457.69745   13.0312605
291.8091   457.71497   13.042594
291.8092   457.715   13.042578
291.0409   457.88812   13.158309
291.03946   457.88846   13.158549
290.88483   457.9233   13.1818495
290.88464   457.92334   13.181878
290.86096   457.92868   13.185451
290.86078   457.9287   13.18548
290.81226   457.93964   13.192787
290.81165   457.9398   13.192879
290.79056   457.94455   13.196053
290.6224   457.98245   13.2213955
290.62234   457.98236   13.221582
290.6223   457.9823   13.221577
290.6223   457.9823   13.221575
289.44885   458.18158   13.357276
289.44882   458.18167   13.357371
289.44882   458.18167   13.357371
289.44882   458.1817   13.357397
289.44882   458.1817   13.357399
289.44873   458.1818   13.35747
289.44873   458.1818   13.3574705
289.44836   458.1822   13.357726
289.4482   458.18234   13.3577585
289.44363   458.18295   13.358049
288.29382   458.3197   13.452334
288.29364   458.31958   13.452264
288.29358   458.31955   13.452209
286.939   458.41467   13.5184
286.59274   458.43927   13.535452
286.52435   458.4441   13.538796
286.4563   458.4489   13.542123
286.45627   458.44894   13.542013
286.45624   458.44894   13.541968
286.45587   458.44904   13.541318
283.7432   458.379   13.49244
283.74323   458.37875   13.492144
283.7432   458.3787   13.492021
283.74316   458.37866   13.491974
283.74307   458.37854   13.491767
283.74286   458.37827   13.491335
283.74216   458.37714   13.489718
283.74203   458.37698   13.489378
283.74188   458.37677   13.488936
280.61188   457.99432   13.227931
280.61185   457.9941   13.227729
280.61182   457.99402   13.227631
280.61044   457.98935   13.223076
280.6104   457.98917   13.222976
280.6104   457.98917   13.222975
280.6104   457.98914   13.222945
280.52484   457.96994   13.210641
276.75363   457.13065   12.6634035
276.75372   457.12976   12.662756
276.75372   457.1295   12.66258
276.75403   457.1269   12.66071
276.75403   457.12683   12.660669
276.7542   457.12543   12.659138
276.75443   457.12363   12.6576185
274.19104   456.26498   12.135762
274.1902   456.2647   12.1355915
274.08563   456.22958   12.114476
273.97125   456.19116   12.09129
273.9038   456.1686   12.077869
273.8382   456.14645   12.064564
273.58353   456.06082   12.013404
272.94232   455.84518   11.88456
272.94205   455.8451   11.884507
272.87686   455.82315   11.871404
272.8627   455.8184   11.86856
271.99203   455.52567   11.693661
271.83868   455.47412   11.662676
271.83926   455.4718   11.656899
271.8409   455.46518   11.645187
271.84088   455.46527   11.644647
267.47675   453.42126   10.630157
267.47678   453.42123   10.63007
267.47678   453.42123   10.630035
267.47687   453.42105   10.6296625
267.4769   453.42102   10.62959
267.4769   453.421   10.629578
267.477   453.42056   10.629033
267.47717   453.41837   10.625483
267.4772   453.41824   10.625293
267.4772   453.41824   10.625293
267.4772   453.4182   10.625264
267.47723   453.41815   10.625244
264.1658   451.6115   9.861756
264.16577   451.61157   9.861755
264.1656   451.61182   9.861792
264.16537   451.6121   9.861853
264.1653   451.61215   9.861873
264.16528   451.61218   9.861876
264.16504   451.61243   9.8619175
264.16504   451.61243   9.8619175
264.165   451.61246   9.861942
264.16498   451.61252   9.861964
264.16415   451.61417   9.861213
260.87903   449.57297   9.157288
260.87885   449.57306   9.157437
260.87863   449.57318   9.157675
260.87842   449.57327   9.157889
260.8783   449.57333   9.158004
260.87827   449.57336   9.15802
260.87823   449.5734   9.158035
260.87817   449.57346   9.158064
260.87796   449.57373   9.1581335
260.87793   449.57376   9.158139
260.8777   449.5741   9.1582365
257.66376   447.32672   8.56621
256.43875   446.46884   8.340784
256.4393   446.4682   8.340343
256.43964   446.46774   8.340275
256.43967   446.4677   8.340271
256.44006   446.46686   8.338545
256.44037   446.46603   8.33589
256.441   446.46442   8.331329
256.44113   446.46414   8.330634
256.44144   446.46344   8.328898
256.44144   446.46344   8.328898
256.44147   446.4634   8.328789
256.44156   446.46323   8.328301
256.44168   446.46295   8.327586
256.442   446.46252   8.32697
252.4961   443.14072   7.9147735
252.4961   443.1405   7.914303
252.4961   443.1405   7.914291
252.49612   443.14044   7.9142447
250.9766   441.74176   7.8329935
250.97531   441.74084   7.83272
250.88283   441.65573   7.827762
250.88242   441.65533   7.8277397
250.77869   441.5599   7.8221927
250.77495   441.55664   7.822127
249.9946   440.83844   7.780273
249.99467   440.83798   7.7807655
249.9946   440.83762   7.7814307
249.9946   440.83752   7.7815876
249.99437   440.8371   7.7826347
249.9943   440.83704   7.782938
247.59145   438.4156   7.79227
247.59145   438.4156   7.79227
247.59138   438.41565   7.7922945
247.59125   438.4158   7.792353
247.59125   438.4158   7.7923536
247.59123   438.4158   7.7923646
247.59123   438.4158   7.792366
247.59108   438.41592   7.7924857
247.59079   438.4161   7.792689
247.59074   438.41614   7.7927246
247.58975   438.41653   7.7931595
247.58893   438.41687   7.7935176
245.95853   436.61212   7.9052014
245.61584   436.23294   7.9288125
245.59491   436.20996   7.93033
245.29883   435.88226   7.950622
245.29716   435.88257   7.94949
245.2971   435.88257   7.9494524
245.29541   435.88287   7.9483056
245.29541   435.88287   7.948303
245.29465   435.88306   7.9477606
245.29457   435.88306   7.9474072
245.29457   435.88306   7.9474072
245.29457   435.88306   7.9474053
243.58098   433.79623   8.187381
243.33575   433.49762   8.221793
243.20177   433.33444   8.240624
243.19136   433.32178   8.242081
243.19121   433.32184   8.242049
243.1896   433.32214   8.241542
243.18921   433.3222   8.241422
243.1892   433.3222   8.241423
243.18663   433.32245   8.239944
241.76747   431.42593   8.542441
241.76743   431.42587   8.542452
241.7551   431.40942   8.545077
241.26393   430.7532   8.649877
241.26395   430.75317   8.649901
241.2642   430.7527   8.650492
241.2642   430.7527   8.650493
241.26436   430.7524   8.650805
241.2644   430.75235   8.650881
241.2644   430.75235   8.650882
241.26459   430.75208   8.65122
241.26459   430.75208   8.651221
241.2646   430.75204   8.65124
241.2646   430.75204   8.651245
241.26468   430.75195   8.651381
241.26468   430.75195   8.651383
241.26482   430.75183   8.65157
241.26482   430.75183   8.651571
241.26492   430.75177   8.651708
239.20628   427.73328   9.251144
238.37523   426.51187   9.493559
238.37653   426.51105   9.495997
238.37682   426.51083   9.496608
238.37752   426.51035   9.497989
238.37796   426.51004   9.499299
238.37889   426.50943   9.50189
238.38072   426.50815   9.506881
238.38074   426.50815   9.506898
238.38138   426.5077   9.507971
238.38219   426.50714   9.509297
238.38219   426.50714   9.5093
238.38231   426.50708   9.509483
238.38283   426.50674   9.510297
238.38283   426.50674   9.510297
238.38289   426.5067   9.510408
238.38289   426.5067   9.510419
238.38313   426.5066   9.510782
238.38344   426.50644   9.511589
236.17784   422.5678   10.543653
236.17827   422.5691   10.543576
236.17801   422.5687   10.543715
236.1119   422.45053   10.574648
236.10973   422.44666   10.575658
236.02188   422.28964   10.616748
235.81367   421.91745   10.71419
235.8131   421.9164   10.7144575
235.67047   421.66144   10.781193
234.7487   420.00812   11.212671
234.74919   420.00793   11.213372
234.7494   420.00787   11.2137165
234.75003   420.00763   11.214698
234.75009   420.0076   11.214771
234.7537   420.00592   11.219404
234.75526   420.00513   11.221459
234.75562   420.00497   11.221901
234.75633   420.0046   11.222803
234.7586   420.00357   11.225718
234.7586   420.00357   11.225725
234.75943   420.00317   11.226628
234.75946   420.00317   11.226657
234.76036   420.00278   11.227635
234.76036   420.00278   11.227638
234.76105   420.00247   11.228382
234.76251   420.00186   11.22994
234.76262   420.00204   11.23207
232.8379   415.77655   12.473958
232.80145   415.69638   12.497434
232.79251   415.67673   12.503214
232.79117   415.67377   12.504079
232.70853   415.49188   12.557295
232.67683   415.42212   12.577711
232.67671   415.42184   12.577789
232.64279   415.34723   12.599631
232.45555   414.93515   12.720194
232.4543   414.93237   12.721004
232.29843   414.58936   12.821366
232.01074   413.95624   13.006613
232.01074   413.95624   13.006623
232.01247   413.95538   13.010184
232.0141   413.9546   13.013741
232.01411   413.9546   13.013771
232.01509   413.9541   13.016315
232.01509   413.9541   13.016324
232.01552   413.95395   13.017371
232.01566   413.95392   13.017697
232.01566   413.95392   13.017698
232.0158   413.95386   13.018028
232.016   413.95383   13.01851
232.01581   413.95392   13.018786
230.76096   410.8266   13.915699
230.76093   410.82648   13.915802
230.71423   410.71008   13.949139
230.71289   410.70673   13.950098
230.60245   410.43134   14.029064
230.31667   409.7187   14.233467
230.29166   409.6563   14.251447
230.12604   409.24335   14.369756
229.98752   408.8965   14.469251
229.98871   408.8959   14.470226
229.99023   408.8951   14.47148
229.99039   408.89502   14.471576
229.99039   408.89502   14.471579
229.99095   408.89474   14.471935
229.99164   408.89438   14.472384
229.99269   408.8939   14.473069
229.99367   408.89343   14.473712
228.95488   406.02686   15.218991
228.9547   406.02637   15.219119
228.93248   405.96497   15.234926
228.93188   405.96332   15.235348
228.90283   405.88303   15.255981
228.9028   405.88297   15.256
228.89658   405.8657   15.260437
228.85403   405.7481   15.290845
228.85378   405.7474   15.291025
228.79095   405.57373   15.335885
228.7733   405.52478   15.348596
228.52187   404.82968   15.527898
228.5218   404.8295   15.527942
228.50636   404.78677   15.538953
228.13194   403.7518   15.805942
227.58586   402.24194   16.195414
227.58589   402.24194   16.19555
227.58626   402.24188   16.196926
227.59286   402.24033   16.22028
227.59848   402.239   16.239588
227.5986   402.23898   16.240007
227.59885   402.23895   16.24026
227.06815   400.5912   16.50998
225.46988   395.6342   17.320333
225.1875   394.75763   17.46367
225.18748   394.75763   17.463707
225.18756   394.75754   17.464863
225.18764   394.75742   17.46568
225.18771   394.75732   17.466557
225.1879   394.75708   17.468151
225.1879   394.75708   17.468178
225.18855   394.75647   17.472027
225.18831   394.7554   17.48229
225.18764   394.75534   17.484901
225.18768   394.7553   17.485157
225.18768   394.7553   17.485159
225.18752   394.75528   17.486403
225.18752   394.75528   17.48644
225.1879   394.75522   17.48655
223.98521   390.70905   17.669508
223.98463   390.7071   17.669598
223.83934   390.21872   17.691706
223.83395   390.19833   17.692585
223.38786   388.6981   17.760483
223.26308   388.27835   17.779451
223.26274   388.2784   17.779137
223.26123   388.27792   17.774923
223.26123   388.27792   17.774912
223.26012   388.27762   17.771936
223.26012   388.27762   17.771917
223.25966   388.2775   17.770685
223.25964   388.2775   17.770653
223.2593   388.27744   17.76969
223.2593   388.27744   17.76967
223.2587   388.27734   17.768038
223.25845   388.27725   17.766909
223.25844   388.27725   17.766855
223.25804   388.27716   17.764557
222.23367   384.53186   17.48306
222.17079   384.3034   17.465885
222.16283   384.27444   17.463703
222.07596   383.95853   17.4399
222.07556   383.9571   17.439793
221.97807   383.60275   17.413113
221.31204   381.1806   17.230623
221.31242   381.18054   17.230352
221.31245   381.18054   17.230253
221.31644   381.17856   17.215513
221.31839   381.1775   17.20685
221.31839   381.1775   17.206827
221.31876   381.1773   17.204897
221.31876   381.1773   17.204857
221.32062   381.17633   17.195116
221.32062   381.17633   17.195114
221.3207   381.1763   17.194778
221.32071   381.1763   17.194696
221.32126   381.17606   17.191843
221.32126   381.17606   17.191826
221.32169   381.17587   17.189693
221.32169   381.17587   17.189688
221.32193   381.1758   17.188463
221.32216   381.17572   17.186283
221.32228   381.1757   17.185095
220.28484   377.06012   16.505758
220.28436   377.05835   16.50562
220.19255   376.69086   16.445303
220.19254   376.6908   16.445295
220.19193   376.68835   16.444895
220.19193   376.68835   16.444895
220.19176   376.6877   16.444786
220.12659   376.42685   16.401976
220.10295   376.33224   16.386631
220.09285   376.29187   16.379997
220.09283   376.29184   16.379992
220.09033   376.28177   16.378338
219.73187   374.84717   16.142788
219.60297   374.33093   16.057846
219.55568   374.1417   16.026735
219.55548   374.14087   16.0266
219.50444   373.93658   15.993068
219.50218   373.92755   15.991585
219.43393   373.65436   15.946714
219.20532   372.7386   15.796508
218.91927   371.59436   15.608388
218.91928   371.59442   15.607747
218.91927   371.59445   15.60761
218.91927   371.5945   15.605862
218.92744   371.5959   15.534273
218.92746   371.5959   15.534137
218.93047   371.59677   15.500103
218.93048   371.59677   15.499968
218.93123   371.597   15.491641
218.93123   371.597   15.49162
218.9317   371.59717   15.486376
218.93172   371.59717   15.486268
218.93231   371.5974   15.479613
218.93231   371.5974   15.479602
218.93259   371.5975   15.476713
218.93266   371.59753   15.476223
217.51599   365.14362   14.398152
217.51564   365.14224   14.397882
217.51569   365.14392   14.397962
217.51549   365.1434   14.39783
217.4543   364.86298   14.351327
217.14517   363.4453   14.116301
217.14479   363.44357   14.116012
217.09767   363.2277   14.080205
216.72964   361.5399   13.800371
216.69908   361.4013   13.777286
216.69907   361.4013   13.777217
216.69925   361.40128   13.776466
216.7   361.401   13.773355
216.70001   361.401   13.773314
216.70102   361.4006   13.768352
216.70102   361.4006   13.768321
216.70132   361.40048   13.766814
216.70132   361.40048   13.766782
216.70189   361.40027   13.764094
216.70189   361.40027   13.764091
216.70206   361.4002   13.7632065
216.70206   361.4002   13.763201
216.70238   361.40012   13.761671
216.70238   361.40012   13.761663
216.70276   361.40002   13.759876
216.70277   361.40002   13.759517
216.70277   361.40002   13.759503
216.70277   361.4001   13.75766
216.7029   361.4001   13.757485
215.64034   356.00626   13.332122
215.6183   355.89423   13.323289
215.59659   355.78366   13.31456
215.56285   355.61124   13.300839
215.4839   355.20627   13.268267
214.88411   352.15192   13.02709
214.88394   352.15186   13.027905
214.88394   352.15186   13.027905
214.88393   352.1518   13.028263
214.88391   352.15176   13.028497
214.88396   352.15134   13.030591
214.88396   352.15134   13.030604
214.88397   352.15125   13.031166
214.88388   352.15094   13.03272
214.88257   352.146   13.058085
214.88257   352.14597   13.058235
214.8826   352.1447   13.064314
214.8826   352.14462   13.064832
214.88261   352.14456   13.065127
214.88222   352.1446   13.065533
213.81332   346.09125   12.951896
213.812   346.0837   12.951755
213.76584   345.8219   12.94686
213.71466   345.53214   12.941414
213.71475   345.53207   12.941536
213.71477   345.53207   12.941539
213.71494   345.53198   12.941691
213.71497   345.53195   12.94172
213.71506   345.5319   12.9417925
213.71507   345.5319   12.941798
213.71521   345.53183   12.942029
213.71674   345.53152   12.943596
213.35388   343.40125   12.922963
213.34982   343.3774   12.922675
213.34975   343.37692   12.92267
213.33952   343.3166   12.922128
213.02045   341.43594   12.905278
212.46617   338.1637   12.875806
212.4662   338.1637   12.875929
212.4662   338.16364   12.876214
212.46634   338.16153   12.890235
212.46622   338.1615   12.890739
211.43332   331.30637   12.777047
211.43358   331.30234   12.776523
211.43422   331.30435   12.776427
211.43555   331.31284   12.776564
211.43475   331.3076   12.776488
211.43503   331.30942   12.77652
211.37411   330.9048   12.769776
211.14116   329.35748   12.743981
211.0969   329.0634   12.739085
210.8263   327.22726   12.705816
210.82628   327.22726   12.705768
210.82533   327.22717   12.702803
210.82533   327.22717   12.702803
210.82532   327.22717   12.702744
210.8253   327.22717   12.702679
210.82494   327.22714   12.701588
210.82494   327.22714   12.701586
210.82489   327.22714   12.701415
210.82361   327.22696   12.697825
210.82095   327.22647   12.689737
210.82097   327.2264   12.688847
210.82228   327.2263   12.687376
210.8223   327.2263   12.687367
210.82324   327.2262   12.686314
210.02545   321.19315   12.509632
210.02539   321.1927   12.509619
210.01027   321.07794   12.506223
209.9934   320.94946   12.502434
209.98193   320.86215   12.499848
209.92352   320.4189   12.486642
209.92325   320.41684   12.486581
209.85562   319.90292   12.471296
209.8555   319.902   12.47127
209.8481   319.84583   12.469598
209.67766   318.54294   12.431149
209.35529   316.10275   12.358207
209.35515   316.10275   12.35805
209.35432   316.1027   12.356716
209.3539   316.1027   12.355955
209.35379   316.1027   12.355776
209.35123   316.10245   12.349262
209.3512   316.10245   12.349202
209.35106   316.10245   12.34891
209.35074   316.10248   12.348215
209.35074   316.10248   12.348211
209.35034   316.10248   12.347365
209.34985   316.10257   12.346548
209.34679   316.103   12.34265
208.63492   309.68155   12.087918
208.63046   309.64172   12.086321
208.57635   309.1576   12.066905
208.47025   308.21024   12.028793
208.07799   304.78976   11.888274
208.07848   304.78973   11.886657
208.07875   304.78973   11.884154
207.51845   298.62866   11.606993
207.51845   298.624   11.606794
207.51846   298.624   11.606791
207.5129   298.56354   11.604051
207.42448   297.60522   11.560645
207.42274   297.5864   11.559792
207.36255   296.9327   11.530146
207.36227   296.9297   11.530009
207.29315   296.17996   11.495991
207.27948   296.03162   11.489261
207.21236   295.30396   11.456234
206.64737   289.27402   11.178104
206.64745   289.27402   11.177634
206.64748   289.27402   11.177412
206.647   289.27417   11.174507
206.07172   279.0928   10.723481
206.06001   278.8841   10.714252
206.05998   278.88345   10.714224
206.05093   278.72714   10.707203
206.02869   278.33804   10.689812
206.00288   277.88736   10.669695
205.94167   276.8195   10.621951
205.93123   276.63806   10.613883
205.61702   271.15683   10.368725
205.5328   269.68732   10.303022
205.53395   269.6869   10.305686
205.53896   269.6848   10.32005
205.54185   269.6836   10.328332
205.54193   269.68356   10.328597
205.54193   269.68356   10.328614
205.54236   269.68338   10.330006
205.54688   269.68134   10.345108
205.54805   269.68085   10.348781
205.54805   269.68085   10.348785
205.54816   269.6808   10.349139
205.54816   269.6808   10.349158
205.54962   269.6802   10.353922
205.54962   269.6802   10.353928
205.5497   269.68018   10.354192
205.5513   269.67953   10.359766
205.55176   269.67935   10.36141
205.54982   269.6787   10.368521
205.5498   269.6787   10.368578
205.30582   259.7259   9.694185
205.30545   259.72546   9.694075
205.30544   259.7254   9.694042
205.30197   259.5733   9.683757
205.2948   259.25882   9.662545
205.29478   259.2584   9.662516
205.29237   259.15048   9.655233
205.29228   259.14667   9.654975
205.28145   258.6736   9.622974
205.28139   258.671   9.622797
205.27771   258.50974   9.611889
205.27763   258.50647   9.611669
205.2715   258.23795   9.593517
205.262   257.82104   9.565356
205.24033   256.87192   9.501168
205.23329   256.56473   9.4803095
205.15462   253.11641   9.247212
205.15465   253.11638   9.2473
205.15538   253.11375   9.2606735
205.15538   253.11374   9.260759
205.15564   253.11235   9.26779
205.15556   253.11168   9.271263
205.15556   253.11168   9.271263
205.15556   253.11168   9.271269
205.15556   253.11168   9.271269
205.15965   251.70256   9.119655
205.1696   243.51997   8.239616
205.1696   243.51929   8.239543
205.16966   243.47723   8.235019
205.16968   243.46927   8.234162
205.17009   243.19302   8.20444
205.1707   242.77354   8.159297
205.1707   242.77097   8.159019
205.1708   242.70186   8.151585
205.17264   241.44281   8.016112
205.17386   240.608   7.926333
205.17444   240.21675   7.8842535
205.17442   240.21674   7.884341
205.17441   240.21667   7.8845944
205.17441   240.21666   7.884629
205.17438   240.21664   7.8847303
205.17372   240.2153   7.889841
205.17323   240.21402   7.89477
205.17299   240.21336   7.8973007
205.17288   240.2131   7.8983493
205.17294   240.21294   7.898998
205.17296   240.21289   7.8992567
205.17302   240.21278   7.8997
205.17302   240.21277   7.8998146
205.17401   240.18304   7.8950443
205.20166   238.97504   7.7007904
205.44678   228.22809   5.9728475
205.44678   228.22809   5.9728556
205.44695   228.22797   5.973324
205.4472   228.22777   5.974032
205.44739   228.22762   5.9745283
205.44778   228.22708   5.976203
205.4488   228.22505   5.9825644
205.44887   228.22455   5.9841275
205.44887   228.22455   5.9841514
205.44894   228.22394   5.9861336
205.4488   228.2238   5.9865413
205.74252   221.51248   4.4323454
205.74205   221.51392   4.4329486
205.74294   221.51842   4.4337234
205.82129   219.71947   4.0169897
205.82184   219.70718   4.014143
205.84396   219.20786   3.898373
205.9355   217.128   3.4163814
205.93558   217.1278   3.4169712
205.93562   217.12764   3.4174154
205.93568   217.12749   3.4177902
205.93573   217.12737   3.418108
205.9357   217.12724   3.4183972
205.9357   217.12717   3.4185762
205.9357   217.12717   3.4185982
205.93593   217.12634   3.4205859
205.93605   217.12593   3.4215953
205.93611   217.12569   3.4221652
205.93623   217.12541   3.4228427
205.93642   217.12502   3.423856
205.93651   217.12436   3.425554
205.93729   217.10327   3.419271
205.93806   217.0822   3.412953
206.09671   214.50696   2.6103187
206.41832   209.2905   0.98449284
206.55379   207.11418   0.3053971
206.55522   207.11505   0.3014657
206.55566   207.1153   0.30031916
206.56287   207.11964   0.2800436
206.56337   207.1199   0.27895376
206.56355   207.11995   0.27881148
206.56413   207.12009   0.27855372
206.56625   207.12047   0.27802312
207.23715   197.55551   -3.5202703
207.28113   196.94931   -3.7609406
207.28113   196.94931   -3.7609441
207.28119   196.94942   -3.7612395
207.28119   196.94942   -3.7612405
207.28125   196.9495   -3.7614617
207.28125   196.9495   -3.761467
207.2814   196.9497   -3.76211
207.2814   196.9497   -3.762111
207.28145   196.94978   -3.7623281
207.28186   196.95027   -3.7639003
207.28313   196.95168   -3.7685254
207.29182   196.95949   -3.7942564
207.29184   196.9595   -3.7943153
207.2937   196.961   -3.7991595
207.29526   196.96225   -3.8032002
207.29672   196.96347   -3.8070495
207.29674   196.96349   -3.8070803
207.29686   196.9636   -3.8074021
207.29764   196.96425   -3.8094258
207.29764   196.96425   -3.8094304
207.29808   196.96465   -3.8105657
207.29808   196.96465   -3.810575
207.29839   196.9649   -3.8113403
207.299   196.96564   -3.813404
207.68808   190.76239   -6.6487164
207.70335   190.52197   -6.7585235
207.70366   190.5173   -6.760665
207.70369   190.51677   -6.760909
207.7065   190.47276   -6.7810044
207.7065   190.47267   -6.7810473
207.70686   190.46687   -6.783696
207.74532   189.86229   -7.0598235
207.80287   188.95934   -7.4723063
207.94566   186.72589   -8.492652
208.09612   184.52136   -9.503889
208.09645   184.52228   -9.506358
208.09698   184.52357   -9.509905
208.09714   184.52402   -9.5111
208.09724   184.52428   -9.511813
208.09906   184.5271   -9.519639
208.10123   184.53046   -9.52905
208.10127   184.53053   -9.529249
208.10696   184.53929   -9.553921
208.12196   184.561   -9.615081
208.12276   184.5363   -9.626139
208.20569   181.46266   -10.970804
208.43166   173.06758   -14.643127
208.43166   173.06758   -14.643127
208.43172   173.06761   -14.64319
208.43198   173.06773   -14.643531
208.43202   173.06776   -14.643632
208.43204   173.06776   -14.643645
208.43246   173.06798   -14.644508
208.44342   173.076   -14.679756
208.4434   173.07614   -14.680251
208.4434   173.07614   -14.680251
208.44334   173.07614   -14.680246
208.3691   166.43404   -17.149008
208.3691   166.43405   -17.149082
208.36914   166.4341   -17.149324
208.36914   166.43411   -17.149439
208.36923   166.43414   -17.149727
208.36925   166.43414   -17.149744
208.36931   166.43417   -17.150131
208.36931   166.43417   -17.150219
208.36932   166.43434   -17.154005
208.36931   166.43439   -17.155258
208.36928   166.43459   -17.159468
208.3693   166.43463   -17.160341
208.36987   166.43471   -17.162334
208.37015   166.43474   -17.16302
208.37018   166.43475   -17.163147
208.2324   162.6524   -18.401411
208.2236   162.39784   -18.484692
208.20325   161.83684   -18.668312
208.20332   161.8368   -18.668274
208.20332   161.8368   -18.668274
208.20352   161.8367   -18.66818
208.20393   161.83647   -18.667982
208.20422   161.83629   -18.667843
208.20422   161.83629   -18.667843
208.20462   161.83606   -18.667624
208.20465   161.83603   -18.667593
207.95699   158.07893   -19.72926
207.93413   157.73271   -19.827072
207.89714   157.18317   -19.9811
207.89714   157.18317   -19.981094
207.89752   157.18294   -19.980793
207.89752   157.18294   -19.980793
207.89767   157.18285   -19.980673
207.89767   157.18285   -19.980667
207.89789   157.18271   -19.9805
207.89822   157.18246   -19.980228
207.56358   153.82729   -20.80662
207.56325   153.82399   -20.807432
207.52238   153.41522   -20.908234
207.43118   152.49911   -21.1337
207.43129   152.49905   -21.133553
207.43137   152.499   -21.13344
207.43143   152.49895   -21.133364
207.43272   152.49762   -21.131618
207.43272   152.49762   -21.131615
207.43333   152.49704   -21.130877
207.43338   152.497   -21.130817
207.43338   152.497   -21.130817
207.43338   152.497   -21.130817
207.4334   152.49698   -21.1308
207.43356   152.49684   -21.130621
207.43373   152.49677   -21.130495
207.43387   152.49672   -21.130413
207.06265   149.81572   -21.718788
207.06201   149.8151   -21.718737
207.06204   149.81526   -21.718678
207.06084   149.8065   -21.720596
207.0601   149.80125   -21.721746
207.03058   149.58789   -21.768536
206.88492   148.53624   -21.999264
206.88454   148.53346   -21.999874
206.83679   148.18881   -22.075497
206.65228   146.85675   -22.36776
206.48517   145.64966   -22.629274
206.48686   145.64803   -22.625948
206.48686   145.64803   -22.625948
206.48698   145.64793   -22.625772
206.49477   145.64119   -22.612835
206.49477   145.64119   -22.612827
206.49507   145.64088   -22.6122
206.4952   145.64078   -22.611967
206.4952   145.64078   -22.611967
206.49522   145.64076   -22.611908
206.49522   145.6407   -22.611666
205.00307   139.037   -23.873
204.50296   136.82715   -24.293856
204.50371   136.82648   -24.292595
204.50386   136.82611   -24.2917
204.50398   136.82594   -24.291351
204.504   136.82593   -24.2913
204.50446   136.8255   -24.29058
204.50447   136.82549   -24.290562
204.50548   136.82458   -24.288986
204.50548   136.82458   -24.28898
204.50645   136.82368   -24.287445
204.51172   136.8187   -24.278875
204.51181   136.8186   -24.278715
204.5118   136.8186   -24.278671
204.51181   136.8186   -24.278654
204.51204   136.8185   -24.278475
204.51305   136.81812   -24.277838
202.7974   131.60327   -25.274036
202.79   131.58104   -25.27836
202.7901   131.58139   -25.278305
202.7013   131.31123   -25.329924
202.55664   130.87122   -25.41395
202.5552   130.86687   -25.41478
202.43745   130.50867   -25.483149
202.426   130.4738   -25.489807
202.42389   130.46739   -25.49103
202.33823   130.2068   -25.540768
201.8211   128.63382   -25.841036
201.78775   128.5323   -25.860392
201.78769   128.53229   -25.860298
201.78688   128.53218   -25.85934
201.77318   128.53125   -25.846233
201.77301   128.53123   -25.846031
201.77295   128.53125   -25.846008
201.7727   128.53131   -25.845913
198.17511   120.2361   -27.62022
198.17456   120.236336   -27.620588
198.17413   120.236496   -27.62077
198.14824   120.246254   -27.631563
198.14264   120.24836   -27.633873
198.14233   120.248474   -27.63396
198.14093   120.24949   -27.635399
194.98412   114.06343   -29.186043
194.98119   114.05768   -29.187487
194.25002   112.62567   -29.546848
193.14531   110.47103   -30.093908
193.13332   110.47787   -30.105484
193.09909   110.497826   -30.141626
193.08958   110.50344   -30.152065
193.0885   110.50409   -30.15329
193.08842   110.504135   -30.153393
193.08842   110.504135   -30.153393
193.08838   110.50417   -30.153439
193.08823   110.50428   -30.153603
189.74461   104.2603   -31.643568
189.74457   104.260216   -31.643589
189.73291   104.23842   -31.648787
189.73032   104.233574   -31.649942
189.68657   104.15185   -31.669432
189.68364   104.14636   -31.67074
189.44194   103.69499   -31.778433
189.38542   103.58935   -31.8036
189.37715   103.5738   -31.807262
189.37674   103.573044   -31.807442
189.32658   103.47936   -31.829792
188.59872   102.12014   -32.154156
188.59872   102.12013   -32.154156
188.59836   102.11946   -32.154316
188.15704   101.2951   -32.35088
187.6914   100.425766   -32.558468
187.69124   100.42586   -32.55864
187.68878   100.427055   -32.561123
187.65323   100.44448   -32.598644
187.65219   100.445   -32.599766
187.65213   100.44502   -32.599815
187.65208   100.445045   -32.599815
187.65208   100.445045   -32.599815
187.652   100.44509   -32.59981
187.652   100.44509   -32.59981
187.65184   100.44518   -32.599846
184.91943   94.85029   -33.5294
184.69807   94.39672   -33.604782
184.59758   94.19093   -33.63896
184.5955   94.18668   -33.639668
184.42477   93.83711   -33.697746
184.34717   93.67816   -33.724144
184.34532   93.67438   -33.724773
184.19307   93.36265   -33.776566
183.75232   92.46024   -33.9265
183.75229   92.46025   -33.926525
183.735   92.464836   -33.941765
183.73425   92.465034   -33.942585
183.73422   92.46505   -33.94261
183.73422   92.46505   -33.94261
183.73413   92.465096   -33.94268
183.7277   92.44972   -33.94394
183.72574   92.449165   -33.945087
181.98827   88.28905   -34.28496
181.98645   88.285   -34.28542
181.92126   88.12885   -34.29812
181.92029   88.12651   -34.29831
181.86014   87.98255   -34.31008
181.61618   87.39893   -34.357906
181.61575   87.397896   -34.35799
181.58006   87.31252   -34.36499
181.38287   86.84078   -34.40367
181.38206   86.83885   -34.403828
181.28209   86.59972   -34.42343
181.08353   86.12486   -34.462353
181.08351   86.12486   -34.46235
181.06891   86.12654   -34.458656
181.06883   86.12655   -34.45863
181.0687   86.1266   -34.458622
181.0687   86.1266   -34.458622
181.0687   86.1266   -34.458622
179.16228   80.34944   -34.46049
179.1618   80.34945   -34.460163
179.16028   80.349464   -34.459595
179.15366   80.34959   -34.457813
179.15361   80.3496   -34.457798
179.1534   80.349655   -34.457733
178.2063   76.257256   -34.199966
178.20615   76.25722   -34.19983
178.20612   76.25722   -34.199757
177.73262   73.60185   -33.96123
177.73245   73.60181   -33.961163
177.73224   73.60174   -33.961075
177.73196   73.601654   -33.960983
177.41577   70.99327   -33.661964
177.41574   70.99327   -33.661938
177.4156   70.99323   -33.66187
177.41536   70.99314   -33.661743
177.41396   70.99254   -33.66141
177.24806   68.4406   -33.314037
177.24803   68.44059   -33.313953
177.2479   68.44056   -33.3137
177.22472   65.825   -32.90645
177.22467   65.82054   -32.905754
177.22302   65.639336   -32.877556
177.22191   65.50654   -32.85689
177.21997   65.28553   -32.822456
177.21428   64.53143   -32.70483
177.21227   64.26401   -32.663136
177.21228   64.26401   -32.663074
177.21909   64.26303   -32.659073
177.22142   64.262695   -32.65776
177.22162   64.262665   -32.657654
177.22162   64.262665   -32.657654
177.2217   64.26266   -32.65761
177.22182   64.262634   -32.65754
177.22203   64.26261   -32.657425
177.22209   64.2626   -32.657402
177.22223   64.262596   -32.65736
177.22484   64.237144   -32.652447
177.8572   57.901417   -31.434258
177.85742   57.901436   -31.43417
177.85745   57.90144   -31.434156
177.85747   57.901443   -31.434149
177.85762   57.90145   -31.434092
177.85786   57.901463   -31.434052
177.85786   57.901463   -31.434052
177.8579   57.901463   -31.434042
177.85829   57.90147   -31.433874
177.88004   57.901707   -31.424406
177.88004   57.901707   -31.424404
177.88136   57.901726   -31.423807
177.8816   57.90173   -31.42369
177.8816   57.90173   -31.42369
179.02318   52.1006   -30.12932
179.02353   52.09187   -30.127052
179.31775   50.60319   -29.79519
179.3178   50.603203   -29.795166
179.31781   50.603207   -29.79516
179.31798   50.603245   -29.795141
179.31819   50.603275   -29.795137
179.3182   50.60328   -29.79513
179.34175   50.606323   -29.784342
179.34183   50.606335   -29.78431
179.34189   50.606346   -29.784283
179.34198   50.60637   -29.784248
179.34198   50.60637   -29.784248
179.34334   50.606613   -29.784681
179.34335   50.606617   -29.784687
181.07372   44.14309   -28.23057
181.07382   44.142715   -28.23048
181.07997   44.11969   -28.224945
181.0885   44.087856   -28.21729
181.2749   43.392563   -28.050146
181.97534   40.777733   -27.421612
182.01947   40.614185   -27.381975
182.10454   40.637295   -27.341255
182.10468   40.637337   -27.341177
182.10469   40.63734   -27.34117
182.10478   40.63738   -27.341108
182.10478   40.63738   -27.341108
182.10489   40.63741   -27.341112
184.38626   33.22036   -25.628973
184.39552   33.190117   -25.621998
184.39665   33.18646   -25.621153
184.48927   32.885384   -25.551651
184.59901   32.5286   -25.46929
184.59903   32.528526   -25.469273
184.60445   32.510952   -25.465216
184.6201   32.460262   -25.453495
184.68503   32.249077   -25.404753
184.68575   32.246765   -25.404219
184.86285   31.670877   -25.271294
184.8633   31.669424   -25.270958
184.88147   31.610348   -25.25732
184.93593   31.433949   -25.216515
185.68518   29.002575   -24.654789
185.68561   29.00271   -24.65436
185.74995   29.018637   -24.620869
185.75018   29.018688   -24.620787
185.75021   29.018696   -24.620779
185.75034   29.018728   -24.620775
185.75034   29.018728   -24.620775
185.75035   29.018732   -24.620785
188.05725   20.350498   -23.038895
188.05722   20.350597   -23.038912
188.05722   20.3506   -23.038908
188.09348   20.21441   -23.014046
188.22302   19.727608   -22.92522
188.31068   19.405153   -22.86634
188.31096   19.405222   -22.865795
188.31145   19.405277   -22.865505
188.322   19.406391   -22.859766
188.32234   19.406425   -22.859602
188.34262   19.408497   -22.84953
188.34262   19.408497   -22.84953
188.34271   19.408506   -22.849485
188.34271   19.408506   -22.849485
188.34294   19.408531   -22.849373
188.34294   19.408531   -22.849371
188.34305   19.408545   -22.84932
188.34305   19.408545   -22.84932
188.3431   19.408552   -22.849298
188.34311   19.408554   -22.849295
188.34311   19.408554   -22.849295
188.34315   19.408566   -22.849266
188.34317   19.408567   -22.849258
188.34319   19.408571   -22.849253
188.3432   19.408575   -22.849247
188.3432   19.408575   -22.849247
188.34326   19.408592   -22.849222
188.34344   19.408638   -22.849161
189.40361   13.665876   -22.146832
189.40532   13.665424   -22.145992
189.85847   10.371332   -21.843866
189.85718   10.370546   -21.84413
189.85869   10.347388   -21.84138
190.09329   7.462496   -21.6785
190.09497   7.4616337   -21.67808
190.171   5.0828176   -21.609982
190.17433   5.082404   -21.61498
190.37895   5.0569925   -21.922438
